GLOSSARIUM LATIllUM. 915

coniecere 374, 55. disciplina 6666666116,16616661161616
consistorium 302, 50. 36,6 50. 367,1. 62,6. 229,1.

618,6. 750,5. (1166161166111666666166666669166666
6666666116 774, 66. 11616 611 96,16.
consolatus, 66666666 734, 50.-· 616666666661167611

consolatium 734, 55. 6116666661161161616111666666666
c,0nsules 111166 166666 55 1666611666 661666678216.

216666 44,16.9,.2461 263,1 30666. diffidere aliquem, iden 763‚.1

606,.6 340. 349,1. 663, 50. 7966. dissenteria= dysenteria 5555.

790, consulum 6666166129666.681,16.

306, 50. domicella 761.
conthoralis 361, 66. domus, eeclesia cathedralia, 36666
contradictoria, 6666666166 6 200, 15 197,1.5 ,

= conventualis 162, 55. 362, 50. 439, 66; dribocl1= tribrachum 210, 66.

conventualis 666166166666. 89,15. ducissa 108,1.110,10.'248,10.
109, 16. 231,16. 232, 16 644,6. 262, 66. 267, 10. 29616. 37866
coriaare 362, 50. 392, 15. 675,1o. 765, 55. 766, 66.
corporale, pannus, 6116 aedificium 767,6. 769,6. 860, 66.
1¹51 altari 6661666 303, 66. 660, 16. duratio, 590951 366,5.
719, 66.
0repa= 0rypta 61,6. elapsus, 66666. 211, 66.
crepundia nuptialia 211, 10. emenda, actiefurts‘o, compeneatt'o
cruciferi fratres 673,16. damni, 0616161616 280, 66. 287, 55.
crurifragium 662,1. 326. 76666. 798, 66. 799, 66.
cultelliuee plagae 697, 10. emorroidae 191,10.
curia=cur1i5 106, 16. 272. 637, 66. emphiteosis 270, 50.
377. 37616. 363, 66. 384. 380, 16. enceniare 967,1
·392,.6 3636. 3966 304. 8953 enerviter 655'
6161166666,66666641.42,66.64,16. 666161616161611166.
66, 50. 86, 16. 87,15 9016. 94,15. enutritor 206,.6
, 1111666.176161726176.6616666616,6666666616,666161-
191. 194, 55. 197,6. 196,.6 mialis pestilentia 361, 66. 384,.50
201,.6 2066. 212 271,6. 280,.6 392, 16. 396, 66.
293, 66. 3066. 318, 10. 319, 50. epilenticus= 6611666616 595, 55,
896 5 371, 66. 879,10.625,15. 6611666166 passio 595,10.
cursus, 166666666666166166660, 15. episcopium 153, 15. 161,1. 399, 66.
curtis 106, 6; curtes dominicales 10. equitatura 315, 10.
ethyca infirmitas, hectico febris
dapifer 210,.1 610, 16. 700, 66.
decapitare 7346666666611661616667, 16.
11661166,(16611666,3661166116-10. exhumatue341,1
16661416 16, 16. 264 50 266,.1 6111166666 erilium 6616661·,668166.
569, 55. 695. 763, 50· frugum extinctorium 219, 50
29,6. 164, ¹03 porcorum 29,.6
decimales eeclesiae 9, 15. 10 5 16616116 3661.
decimationes 8, 66. fantasticus 696, 66.
degradare 584,1. 791,5 fascinator 693, 50.
dementare 555³,10 femoralia 966.
denunciare, 55’50mm5m'cara 83, 55. feodale ma 88. 231, feudalia bona
96,.6 367,16.
666666126666166666661666666666- feodum 322,1.760,16;161111666
muricaticm'e denunciat 83, 55. 111. 55, pheodum 24716. 769, 66.
dextrarius, 66666 militarie 217, 66. feriales hymni 670,1.
267,1.638,66.1666ο,11611666771,1.

58*

 

