INDEX.

8. Τ1155155 5 ost. 111115 15 5551,
Montis S. etri 1111516, 42855.

Thomee apost. corpus 55215, re·
11551115 422, 5. 427, 15. 430,15.

Thomas 51511155. cantuar. 2251.

641,1. 648,15.

Thomas 55115. 151515Ιί11111. 58815.

591, 15.

Thomas 11. 55115. 1711111111. 291,15.

711259161111555. theologus 1151.

Thomas (65 Aquino) 11, 516. Prae-

61551. 689,15, 690,15.

Thomas Waleiz Angiious, 11, 516.

Ρ15561551. 77115.
(Thracia) Traciu 611, 55.
Thuohure 5511511515, Τ55515111 (Kr.
Weissensele) 160,15.

Thuringi, Turingi 7, 50 - 10, 15 -
13,1. 14. 29,15. 5215. 54,1. 551.
15515. 159,1. 16115. 29515.
304,15. 310. 332,15.359,15.378,15.

617,15. 741. 742. 74415-746.
749,5. 15415 756,15 773,5

903

478, 15. 482. 620,15.646,15.653,15
- 655, 1. 66215. 668, 5. 67115.
675, 5. 681,15. 685. 705, 50. 741.
742, 5. 748 -750,15. 752, 15 -
755,15-759. 761. 7621. 765
-767,15-770. 773. 783, 1. 793,5
-795, 800. 802, 5. 8035, Thu-
1131311131535
5111ιῖ 1151515511. 151,
milites 253, 1, 556115151511111115-
115151 770, 55, 51551511,37215,
principes 445, dux: Β5151151-

651, march: (155111515511551-

1151651Π.1111115115111151, 0115,
65,11511511 1151151151 11,ch155
651, com: LudewicusI. Oum-
barba, Ludewious ΙΙ. 85115151,
Η51511551 I. 111155, 15111551
Hermunnus 65 Winzinburg. Lu·
6551551 Ι, Ludewicus II, Lude·
wicus ΙΠ, HeumannusI, Lude-
wicus IV, Heinricus Rusp,e
(65515651), Η5115511551Π, ΑΙ-

788, 15. 810, 15, Τ1151155515111“ bertus, Theodericus, 1116111551Ι,

15115 29,5. 252. 7781, reg·
11551746,1ο.749,15,1·5551(15-

8565655111,9161151551916-
helmus ΙΠ

>:thno, Μ51551115651, 11151·- 65 Thuringi n: Albertus.
111551, Bissinus. - Thuringie, Thumnumgi 5. Turon.
Turingiu, (Duringen) 8. 515 1115111555. Tuscia.
1511-,12 15. 14,.15 16,15. 17. Thymov. Timo.
25 2815. 37,·. 42, 50 51, 55. Thyrusv. Ty.rus
53.51,1ο.55,1555,5 60,15. 65 1515115611155156735

81,1. 82,1.5 84,.15 90,15 91,.5
9315. 97,.5 101. 102,.5 164.
11315114,1.1521515415

Tyberisfl. 531, 5. 53554111. 562,.1

587, 5. 617, 15.

Tiberius Silvius 1511Ι15111 74815.

1551515615167517215Τ,11511511.6515111115528,15.631

173,1.5 174,15. 1751. 177,.15

-535.541,15.748,15.

1805181,.518,.55186,15189,15.151151151ΙΙ, 0551155551 imp.

1935 1945. 1055. 199,5-

586, 15 - 588.

201,15-203,15. 210. 216,15. TybeuiusIII. imp. 60215.
227, 1. 229,15. 232. 236,1. 240, 5. Tiburtina: Sibilla.

241, 249,15. 252. 255, 5. 261, 1. S. Tiburtius, 1511511151, Thiburtius,
27215. 286,15. 287, 50. 289,15. 5151151552,5151151155115420,1.
290. 293,1ο. 295, 15. 296,15. 306, 50. 423, 1. 42415. 432, 5.

308. 311,5. 31215. 313. 528- Ticemannus 155151, Τ11511551551.
332, 5-334, 5-336. 349,15. 360, Theodericus.

362,15. 368. 5751. 379,5- Τ151551115.Ρ5515.

381, 50. 384, 50. 555,-5 3885. Τ155115.’1“11.11.ρ

394,15- 391115. 399. 403,15. 6575155111(15115155155111111516
46655. 407. 410, 15. 416, 1. 44715 Τ115 0. 015 IV Cum 1515 marchio
448. 15511. 455, 55. 460,15. 462. 8155655515.

46415, 461515. 46615-468.1 Tylo Ackerscholle civis 11115111,
111. 11-111, 15. 115. 41111 consula. 11551155.

 

