INDEX. 861

555,1555511555511552231260,15.11551155 511155451155115555 537.
67115. 704.-1555511515 eccl. 558. 542, 20. 545, 1. 548, 15. 716, 15.
567, 20. 111555 5 6555.

8151155111 51511. reliquiae 423,1. 11155151Ι Theodericus. ’

115551511151155 747,1. 111511, 111511, 5555, 11151111555115

,15511555515(11555)511155.111155- Hcrz755,25; 5515551 Edelge-
115155.15511·,51.115551515.

Yconium 775,1.Π11115515 55615. - 1111115515 51515

1555511555. 747,15.

151515111555151 155.. Papias. 1115555 5515 555155 Π511115, 11115555,

Ieremias 11. 'nor 115 85111151 511. ,,51111 1751515551115517515151.)
673. 84, 5. 230, 15. 293, 15. 3551. 398,5.

Iericho 673 5 463, 20. 6065.

1515515155 presb. 156, 25. 561,.5 1115555111515115, 5155-15551111
567. 569, 25. 572. 5855. 589, 25. 1115 (princ. 1151515151.) 289, 55.
5901. 70815710 55 715 71715 29115. 380,1. 594320 11511
-7'19,1. 722,15; eius reliquiae 14111511 1,55 11515115181151115155,
426, Ieronirbi cronice 524,15; cives 11115111.
libei virorum 1115555551569,15;115115,1111151155551815111·11152031
Viles 11511551 567,55. 151155 511155 Angl. 667.

1515551155,ΙΙ151515111115,1515551551,15155515155370,15.

511. 15, 15. 18. 56,.5 51, 5. 54. 55. 151115 552 25; 1511155 regnum 249,.5
70, 15. 156, 15. 157. 176,1c. 177,10. 664, 15.

185,25. 194, 20. 216,1c. 217,15. indicio 1111515 528,15.

221,.111. 222,15. 224,1. 249, 15. Ing elnheim 551115 regie, Ober- 51
25215. 2575. 258. 4415 4455. Ν15115ν-1511511551115 (5505500505)
4555. 457,1. 534. 536, 15·-638. 166,5.

541,15. 544,1. 546. 547. 549 115 Iiigerieleibin, Inqcrelcbm 511
(dicia Helyu 549 ,10). 562, 15. rimam 1111151515111 (11115.651115115“).·
5641. 565,.1 571. 57515. 5'58. Gczzo 51115 11115111.

589, 20. 591, 15. 594 597, 1ο. 599. Ingr 515 5155. Μο5115 S. Petri 111·

623, 25. 636, 15. 665, 1. 673, 55511 ford. 455.
8115151155 ’ζ55115115 S.Sepulchri; S. Innocentiec reliquiae 29,15.

5565515515551511515111125815;155555511551.115115570571.713,15.
51155 1151515555 258, 15; 151111 721,15; 5155 reliquiae 4251.
bavie- Ierocolimitario eccl. Innocentius Π.11511,5 Gregorius
544,5; 5111511·15551155511511., 55111615581451511 36, 20. 38.
Syniori, 1151515555, Thcm553 39,15.69.70,15.166.168 16915
51111151151151155511518155- 174,5. 175, 111. 637. 638,.1 721, 20.
leuc. -15155511511155515 regnum 753, 55.
224,.1 2495 665,1; 15 ges Innocentius 1Π.115115,Ι1511151155
(6515111655),Β511151111155Ι,141- 55111.(11155.88.85111151Β55111)
155115511, Wido, 1511511555, 0115- 199,.5 200,15. 261. 20315. 204.
15655- 111516551151115551 pro· 268. 209, 20 2125-215. 218, 15.
sectio 176,50, 5111511115 198,153 54515. 644-650. 652,1c. 659,15.
1566666561165311255615555 156,15. 6114119709762115716515157131111115
245,15. 451, 15. 525, 5. 529, 15 - libri 64115.
53215-536, 1. 537-546. 5155. Innocentiui IV. pepe, 8155551655
546. 561. 564,.5 576. 596. 55111. presb. (S. Laurentii 15
597, 55. 598, 55. 509, 55. 611, 55. Lucina) 99. 100. 105, 50. 167,10.
615, 25. 624, 15. 662, 111. 765, 20. 109. 238-240,5. 242,1. 243,15.
768,15. 717. 719,15. 720,1. 244, 15. 245, 5. 246,1. 450. 451,15.
Iginui 115115 54915. 714, 50. 45215. 058-662,1. 663. 812.

 

