814 INDEX.

filii: 1161161161, 1166611661, Lu· 668, 16. 670, 16. 671, 6. 705. 767,16
661661, Η61611666, Otto. -769; filii: Η61611661, 611161·
6661661161 rex Italiae 30, 16. 161, willehelmus.
6611661161 archiep. Bremensis 61661161Π,(Ρ166611) 1161161661-

751,16. wie„ 6161661111 116611 29616.

6611661161 episc. 1161661661, Ι. 11- 464,1. 769,16. 800,16; spon 1111
6616616161166613. 30,16 619,16. Agnes.

6661661161 summus praepos. et Π. 61661161 Ι. dux saxoniae 111, 6.
archiep. Magdeburg„ fr. Gun· 6166116111. dux 81666116 263, 6.
theri IV. 61 Η6161161 IV. 6616. (16 281, 16 294. 295,1. 3151645616.
8111116616(11616166616)203,16. 464. 469, 6. 800; uxor: Agnes.
204, 6. 208, 16 209, 1. 6661661161 Ι. marchio 0116611111

6661661161 cancellarius, 1. archiep. et Brundenburg. 361. 38,16.
Mogunt. 16. 17,16 21,16. 27,16, 58, 6. 60, 6. 164,1. 165,16 168,16.
36,16. 43,16 50,16-52,16. 53,16. 174.178,6. 186. 792,16 793,16;
69,16. 160,16161.163,16 164. 111111 6616611661, Η616116661,
16616. 173,16. 421, 66. 422,1. 8166111661.
441,16.635,16.779.790,16.791,16. 161171ὲὲ61161 61116616 Μ11666111
809. ,16.

6661661161 praepos. 6166611611, 6661661166166161666116611661.
11. archiep. Mogunt. 17, 261. Η6161161 march. 6111666111 252.
27,16 4316 52,16 5316. 54,1. 25316. 255,6 272. 23616. 287.
55,1. 6916173111. 1761. 29216 29416. 99616. 299,6.

61661161 1116166166, Mogunt. 30416. 3086. 328-331,1.336,16.
27,16 34616 38616 40616. 407. 4561.

6661661161 ΙΠ, 116616681116618. 455,1. 462. 464. 46616 46616.
61,16 187,16. 192,1. 472,16. 47347616. 478,16. 068,1.

6661661161 Ι. episc. 666616. 197,16 671, 6. 67416. 6761. 692,16.

61661161 Ι. opino, 6666166111 81,1ο. 705, 66. 757, 6. 76616. 76616-
2266. 79616 797,16 771,6. 773. 800,16; uxores:

61661161 1116116611166611125616. Magneta, Oonegundis, 61111-

6166116111. episc. Patav. 699, 66 6616; 1166111Η611111661,111’1116-

611111161166 episc. Pragensis 620,1; 11661,Τ6666611661(Τὶο61616661),
eius reliquiae 421, 6. 42616. 6166661661161.

42816 61661161 fil. (illegit.) 6166111 116161.

61661161 1. 66116. 1111111666. 115, 66. Thuring. 771, 6.

6661661161 episc. 81611116. 41,16. 6611661161 comes 66161.81166116
171,1. 188, 6.

Albertusepisc.wirziburg.383.384,1. 6111611111 6616161161 de Nurenberg

61661161 116 Bichelingen episc. 382, 66. 397,16; uxor: Sophia.
Ῡ66166111, fr. ord. 1111661616 61661161 Ι. prino. (16 6661111344,
38616. 396 16. 415, 16-427, 1. 6.1; uxor: Agnou.

61661161 (de 61166611) electus prae- 61661161 Π. prino. de (61161111)
6616163666613, 93. 94,1. 95,16. Κο116,111.611)6111Ι.ρ11116.34366
234. 657,16 3441.

16661 6 Pisis minister gener. 116616 eomes 6 6666666
ord. Minorum 655,1. 018, 16.

61661161 Magnus 1r.ord.Praedica1. 6661661161 (falco pro 6116161166)
(pout ,66116 1116611.) 66616. eomes (6631666661 ) 29,16
68616. 61661166 ,66616166 1166111 271,

6111611611. dux Brunswio, fil. 01· n. 2. 298,16.
tonis 116611 112,1. 21816 252 616611611661661666116666116111
-254,16. 255, 6. 271,1. 3866. 25616, 2861. 455,16. 46216.
38616 453. 454,16 455, 6. 664, 16. 616611616661611166611611279,64.

 

