894 INDEX.

753,1; 55511 8. 1101111151, 05 70,1. 8515. 8815. 111,5. 15215.
8.; 0551111. 158, 5. 103, 5. 104,1. 10015.
sanguis 5 caelo temque 28,15. 107, 5. 16815. 17315. 171, 15.
612,15. 177,1. 185,5. 188. 190,15. 191.
‘ Saphudinus (1151111 al Adel) 151- 199,15. 204,15. 212,15. 24015.
danus 217, 5. 219,45-221,15; 249,15. 25415. 263,5. 281,15.
1 ilii: Omdivagius, 0511501551 29215. 294,15. 295. 315,15.
(xamen. 1 355, 5. 555, 5. 451. 151, 11.
8151151, 8151111, zaphat, Sophet, 484,15. 617,15. 048, 5. 070,15.
castrum Terrae Sanctae, Safed 745,15. 749,15. 750,15. 752.
255. 455,15. 588,15. 591,15. 754,1. 75515. 75015. 700,1.
073,15. · 70015. 770,15. 777,15. 79215.
Sapor rex Persarum 556. 800. 809, 4⁰3 8115111115 ducatus
8115 uxor Abraham 207 15. 0115. 174, 5. 191,15; 5111151551
8115555051515155155051. 185,15; 55151151 24515, Saxo
0581111515ε81111051511111111510. dux 5115150551 imp. 610,10;
Sardinia 275, 55. 541, 5. duces: 0115,Η515115511,115-
8111115οηί 20. 31,15. 10811. 109, 5. 1111111111,Η51111·1551 (Sup.), Hein-
194,15. 213,15. 218, ιο. 217,1- ricus (1155),.Β5151111051, Al·
219, 55. 220,15. 221,15-223. bertus1;(wittenb.)Albertu211.
239, 55. 244,15. 249,15. 252. 255. 1110511511; (15115511.) 1111551 L
25815. 200,11. 201. 205. 267. (Hem-icus), (Wettin.) wilhel-
274. 270,15. 301,15-303. 595- 1551ΠΙ; com. palata (811οε·
599. 02215. 060,1. 601,15. 605,1. 11551), 8110511551 IV, 1051551151,
071,15. 673. 078. 079, 5. 681, 551 1110551551, Hel-mannus, Con-
08215. 703, 5. 771,15; 8115155-’ 11051.-851155155151151155112,15.
norum 15151 105,15. - 8115155- 14.
nicus populus 30015. - 85155- 1 scaldus fl, 85111111 742,15.
conica littera 59815. 8511555115 70515.
Saturnus 0551 (rex) 74015. 740, 8555555555, Le 115111 015, 5;
1111 Iupiter. 551151 1111151151.
saturnus 115111 44. Scharfenberg,Scharffenberg, 1115115,
81511115. Paulus. 55511551, cuius 11111115 emant
8111511551 05 Malo-leone 22315. prope villam Thulin 151111 Thu-
Savoya comitia 106,15; eomes: 111515539015. 70515.
1151505111 ῙΠ. ,8511015355 8511015855, castrum,
85115 51105151118815511151 103, ι Bury-Semnum ad fl. 01151111
n. 5. 752,15; 05 85111 Boringerus.
Saxones 10-13,5. 1415. 10,15. Sohildenrode villa, 1175 olim 1151·
21,15. 20,15. 34,15. 50,15. 51,15. 1111115 1111511015 399,1.
5815. 58,1. 02, 5. 04,15. 0015. Sohippliz, Schipplioz‚ 25111115ῑέ11
70, 5. 103. 153. 150,15.157,15. ad fl. 1111111111 (Kr. Quafun)
159, 1. 101, 15- 163, 5. 104, 5. 751,15. 7521. 758,15; monast:
105,1. 174,15. 175,15. 178,5. Mons 8. Martini.
184,15. 199,15. 202,15. 20015. 85111155 (Scythae) 74515.
210. 25255. 259,15. 454,5. 457,15. 8511555 prov. 257, 55. 07015.
48515. 01215. 08415. 03015. sohouwenborg 5. 8555555513.
038,1. 008, 5. 077,15. 705,15. 851555515151 castrum, 8511511511-
741,1. 744. 745. 749,1. 751,11. forat, 5111111 rudera propo 1111051-
707,11;8115515151155155103,15. stadt 55515111 750, 55.
6515. 174. 184,15. - Saxonis 85111οἛ55585111015355.
8, 5ο. 10,15. 12,11. 17,15. 26. Sciam 5051515555 095,15.
28,15. 29,15. 38, 15. 39, 5. 4955. Scitin 1. Stiria.
52,15. 02,5. 08,15. 05,15. 68. 851511 28, 1. 29. 01215. 025,15;

 

