816

mon

(61531116181111661611111174616. 18. 63661 virgo 559,16 5⁷01⁵;

(6111311161, 11313166 518, 66. 553.
519,.,1654916.555. 5601. 45116

&Izliquiaeffluffln ,456111

455,. 457,.16 56566. 56616 8.6316111666111661.566,16570,161

595, 66. 509, 11. 659, 2⁶. 665,.6 671.
678, 66. 706,.·-6 63111111,’11311)111
519. 551. 740, 161 1661 Ptolomeus
Ρ1111611611661 66111161661158151-
166111 63116166 111116-- 661111-
666 60616.

(6616611111. 6661161555, 167416
747.748,16; 6161116116161
11116661161116.

· (6)Ε6661 Silvine rex 111111 748,16.

661161 haereticus 576 16. -6611161
576,16.

161161 1611111 1. 988. 61,161 61-
lide 61 61666 6. 1567 557 ,161
1166 611616 1. 1174. 180,16

ἓ6)1111161 mom 618,16.

. 6116, 661155516161611611116166
45016 45511. 456,16. 45516
456. 458, 16

8, 61116 11116111 16 infirmitorio
1166111 8. Petri 11116111.458,16

611166, 661166 45 6 96,16.171,16
58516. 556,.66 5416. 74016
rer: 61161.

6365611116111616 567,1.

6361111161, 1611158616 584. 71516

6361116111. pape 651. 2⁶

8 63611111 reliquiae 419,16

8. 63111116 virg. reliquiae 4541.
480,.1

6361161116().4166 6666111116 717 16.

Agathou pepe 601.

63666 uxor Heinrici 1111111

15616. 660,16. 66516.
63661 6661 6111611111 V. 116611

Aq 61116. 116616. Ρ16161. 6, 66.
er 1116Η ermanni 1116131.
161111. uxor Homnoi 1111 Len
poldi ,116611 66111166 757,.1

63661 filiu Alberii 116. 7116-
1111161111111111101661111ω’

p.:rerb 1661111666

Agrippt 6 Heroden

Agrippa 8111161 166 [atii 748,161

Agrippina rr. 0616616

Agrippina uxor 01161111 imp.
541,16

611661. archiep. 76161111. 199,16.

Alton 6. 666611

61116161, Alemanni 55616. 741, 16.
7431 Alemanni 1111161 63111116-
61661161661 - 6116116611, Aln-
611616, 6166166616, 611616611,
61166611, (11616616 166116) 56,1.
8516. 89 109. 510,16. 51516.
518,1. 559, 1⁶. 561, 6. 5656318616.
31516. 651,1. 655,6.636,1.680,16
881,16. 69616. 448,1. 449,.1
456,1..470 618,.16 657,.,1664916.
69616. 696,.6 701, 16 746. 748.
749, 1616161111111161636661555, 16.
671,11111116611161 98,16. 56616.
54716 64516. 371,.16 88616.
ἮΜωΜπ

61161741.

6161161161. rex Gothorum 570, 6
571, 2⁶.

(6111166611.) 6116111666 rex (16-
thorum 7456.

6151666161, 61116166666 (Albano)
61111.611116.1161166616, Η116-
11666,Ρ6163166.

8. 6111161 6166611.Μ63661.80,16.
mmmmm

8.61116166111111599,161 611116 61
61111. reliquiae 451116. 45516.
456,.16 457,.16 430,.16 467,.11
46816.

61166116 6666161 711611111611593,

albarum dominarum ordo, eool. 6.
8 116111111131111. ordo

6111616,611)611666.6111111.

611161,11756575,16.

’ 6366611116616111. 16311 Rom, Albinus (1116111661) 1663. 595, 6.

6661611661Π.116611861166595. 716,16.
461. 800. 611166-11666 6171166111.
A 61 uxor Heinrioi (111) 6111611.616111661111616,141161161· 111 Por·
11666116 559,16. 677. 11636716 51816
63661 111606611116111611, Bran Aloorenue 156116311811166661666
11611613, 61161 61561111. princ. 555. 596, 16. 597, ⁶⁶ ⁶98.
116 6611111 844,1.8.6111636611111113 1611116166 45516

 

