846 INDEX.

1216221622 fil. 121622161(1Π) eom 61212 167, 662 terre 247, 10. -
62126 82262. 160.121212,1212212,11122219,26.67,26.
12166662211.(6236226226122212226) 106, 26. 179,6. 216, 26 219, 26.

comes 6.2126 6122621636 2416629026386,6.,.4636609,26.

1216221621) ΙΠ. burcgravius de Nu· 749, 26; rex: 1121126622.

reubero 296,.6 464, 26. 800, 26. 121622122, 1216621221, 12162212212,
121622162211. 62266222122 612112- 1216662122, 121621221211216212262-
reubero 339, 26 363, 26. 476, 26. 212 eiu, 12162122, 1121212212, 1212,

700, 26. 122,12162122,1216226126121,612.,

12162216226622226261612122261936. 121212212222 opp„ 12262122 12, 66.
400,.26 32,.,.,.,.6694669669926163,26.
1216221622 eomes de 2412222 et 162, 26. 229, 26. 238, 26. 261, 26.

12126626 22626 66126 6622 448,.26 68226. 68666. 763;
12166216221 eomes de 1161662622 66 12. 6222666622 62, 26, 6222-

19, 26. 67, 26. 179, 26. 662.. (1222622622.

121622162211. eomes de Biehelin· S. 1262612221 murt. reliquiae 420,2 2.

gen 196, 26. 766 2 12626622226261262266216. 6466,
1216221222111. comes de 816122112- 11622626226222622 prope 1126221266
gen 210, 26. 769,.2 767, 26
1216621622111. eomes de Bieheliu- fruges et 2122 immatura 21276
gen 266, 26. 466, 66. 273, 26.
1216621622 eomes 66 Κ126126626 12162, 121662262262226,121622-
193,.,.,.679467962 6122661.28,.,.,.,.63029221662
1216621622 comes 62 1262222216 233, 26. 262, 26 3291. 3736
271, n. 3. 777, 26 (1). 470, 66. 472, 66. 608. 613,6 617, 26
1216221622 VL 662222 62 ’12222612- 619, 2. 684, 2. 686, 6. 686. 770, 6.
gen 281, n. 14. 777, 26. 809, 66; 1216626222 226
1216621622 ΠΙ, eomes de Wimur 226121 243,6; 1216222212 62126266
361, 66. 376, 66. 377, 1; 122 1122· 749, 003 abb.: 862222, Bau 1122,
manuue. 11262222, (fuleo Weldo), 11666,
1216621622 Π, 62 12126262 83,2. Η262222222, Η2666 11, Weruhe·
229, 66. 448, 26. 763, 26. 222,112126221)21622, si 121622,
1216221622 X. 66 1122262612 368.1116622622,Η22222ι1222,2261222-
’480,66;12.2Η222222222 622, Ru 262222, (1222226221, Η612-
1216621662 66 Η6116612 296, 226. 21622 ,Η61221662111, 11226622,
1216221622 621261226662 262662622 116122162111.
ursoni. 408. 12116612, 12116212, aquaeductus 112-
1216221622 62 Tune 116, 26. ford. 806.
1216221622 deW 2122122368. 480. 12122222261616222222.
1226621622 62 2266262 377,26 S. 1226262 600, 66.
(Η21221622).391, 26, 804, 26. 806, 6. 1222662 61212 1162612222. 412, 66.
frigus 21126. 164,26; 6121216262.
de 1212226266, 1126226266 12-
fordu'am: Ἠ2262262261212 626 fl·
11121262121212622, 1266126666 G, 6226. 180, 26.
6061126Π 1212162212 66126. (162- (1262261 archangelus 595 40. 696, 26
ru 22 698, 40.
hiuoneu, 12226222 102, 26. 112,.6 6262122212((126212822162)26126.2
21826- 220,6 221,26.226,6.1)1612222222.
24666. 247,26. 261,6. 463,26. Ge etum (12262218 26
468, 26. 61226. 661, 26. 66166 (12122 6126212626. 636. 6366.
6826. 706 26 77026 12126 64126
218, 66. 219, 403 1261216212 nego· Gaius, (12222, 6262 66726. 71366.
6126621676-121262222 mer· 6211621226. 644, 26.

1

 

